afw1004109301.jpg:[0.01370778389040188, 0.0, 0.004569261296800621]
afw111076519.jpg:[0.004569261296800621, 0.0, -0.004569261296800621]
afw1110765191.jpg:[0.004569261296800621, 0.0, 0.0]
afw1139324862.jpg:[-0.009138522593601262, 0.0, 0.0]
afw1204062305.jpg:[-0.004569261296800621, 0.0, 0.0]
afw1224897301.jpg:[-0.01370778389040188, 0.0, 0.0]
afw1254885428.jpg:[0.018277045187202558, 0.0, 0.0]
afw12548854281.jpg:[-0.018277045187202558, -0.00685389194520094, 0.0]
afw1295311477.jpg:[0.018277045187202558, 0.0, 0.0]
afw12953114771.jpg:[0.0, 0.0, 0.0]
afw1361196352.jpg:[-0.018277045187202558, 0.0, 0.0]
afw13611963521.jpg:[-0.018277045187202558, 0.0, 0.0]
afw1372188757.jpg:[0.004569261296800621, 0.0, -0.004569261296800621]
afw14424972.jpg:[0.009138522593601262, 0.0, 0.0]
afw144249721.jpg:[-0.01370778389040188, 0.0, 0.0]
afw144249722.jpg:[-0.03198482907760447, 0.0, 0.0]
afw156474078.jpg:[0.004569261296800621, 0.0, 0.0]
afw1564740781.jpg:[0.009138522593601262, 0.00685389194520094, 0.0]
afw1587030290.jpg:[-0.027415567780803833, 0.0, 0.0]
afw15870302901.jpg:[-0.01370778389040188, 0.0, 0.0]
afw1634816.jpg:[-0.004569261296800621, 0.0, 0.0]
afw1636651575.jpg:[-0.009138522593601262, 0.0, 0.0]
afw1648807314.jpg:[0.0, 0.0, -0.004569261296800621]
afw16488073141.jpg:[0.0, 0.0, 0.0]
afw16488073142.jpg:[-0.009138522593601262, 0.0, 0.0]
afw170817766.jpg:[-0.004569261296800621, 0.0, 0.0]
afw1708177661.jpg:[0.004569261296800621, 0.0, 0.0]
afw1709378501.jpg:[-0.018277045187202558, 0.0, 0.0]
afw174692320.jpg:[-0.022846306484003195, 0.0, 0.0]
afw1746923201.jpg:[-0.01370778389040188, 0.0, 0.0]
afw1746923202.jpg:[-0.018277045187202558, 0.0, 0.0]
afw1814664578.jpg:[0.009138522593601262, 0.0, 0.0]
afw18146645781.jpg:[0.009138522593601262, 0.0, 0.0]
afw18489332.jpg:[0.009138522593601262, 0.0, 0.0]
afw184893321.jpg:[0.022846306484003195, 0.0, 0.0]
afw184893322.jpg:[0.009138522593601262, 0.0, -0.004569261296800621]
afw184893323.jpg:[0.01370778389040188, 0.0, 0.0]
afw184893324.jpg:[0.009138522593601262, 0.0, 0.0]
afw184893325.jpg:[0.009138522593601262, 0.0, -0.004569261296800621]
afw184893326.jpg:[0.009138522593601262, 0.0, 0.0]
afw184893327.jpg:[0.004569261296800621, -0.00685389194520094, -0.004569261296800621]
afw184893328.jpg:[0.009138522593601262, 0.0, 0.0]
afw184893329.jpg:[0.009138522593601262, 0.00685389194520094, -0.004569261296800621]
afw1848933210.jpg:[0.01370778389040188, 0.0, 0.0]
afw1848933211.jpg:[0.01370778389040188, 0.0, 0.0]
afw199759840.jpg:[-0.009138522593601262, 0.0, 0.0]
afw2030653815.jpg:[-0.009138522593601262, 0.0, 0.0]
afw2043831280.jpg:[0.0, 0.0, 0.0]
afw20438312801.jpg:[0.009138522593601262, 0.0, 0.0]
afw20438312802.jpg:[0.022846306484003195, 0.0, 0.0]
afw2118625994.jpg:[0.0, 0.0, 0.0]
afw2120936774.jpg:[0.009138522593601262, -0.00685389194520094, 0.0]
afw21209367741.jpg:[0.0, -0.00685389194520094, 0.0]
afw213654866.jpg:[0.01370778389040188, 0.0, 0.0]
afw2136548661.jpg:[0.018277045187202558, 0.0, 0.0]
afw2136548662.jpg:[0.0, -0.00685389194520094, 0.0]
afw2136548663.jpg:[-0.018277045187202558, 0.0, 0.0]
afw2147052512.jpg:[0.004569261296800621, 0.0, -0.004569261296800621]
afw21470525121.jpg:[0.018277045187202558, 0.0, 0.0]
afw2186255795.jpg:[0.0, 0.0, 0.0]
afw21862557951.jpg:[-0.018277045187202558, 0.0, 0.004569261296800621]
afw2233672250.jpg:[0.004569261296800621, 0.0, 0.0]
afw22336722501.jpg:[-0.009138522593601262, 0.0, 0.004569261296800621]
afw2239710476.jpg:[0.027415567780803833, 0.0, 0.004569261296800621]
afw22397104761.jpg:[-0.018277045187202558, 0.0, 0.004569261296800621]
afw22397104762.jpg:[0.018277045187202558, 0.0, 0.0]
afw22397104763.jpg:[0.009138522593601262, 0.0, 0.0]
afw225191079.jpg:[0.004569261296800621, 0.0, 0.0]
afw2266416332.jpg:[0.0, 0.0, -0.004569261296800621]
afw22699817.jpg:[0.0, 0.0, 0.0]
afw226998171.jpg:[-0.03198482907760447, 0.0, 0.0]
afw2288136183.jpg:[-0.009138522593601262, 0.0, 0.0]
afw2312639559.jpg:[-0.004569261296800621, 0.0, 0.0]
afw2353849.jpg:[0.022846306484003195, 0.0, 0.0]
afw23538491.jpg:[0.009138522593601262, 0.0, -0.004569261296800621]
afw2372995574.jpg:[0.0, 0.0, 0.0]
afw237815567.jpg:[0.0, 0.0, 0.0]
afw2378155671.jpg:[0.009138522593601262, 0.0, 0.0]
afw2378155672.jpg:[0.0, 0.0, 0.0]
afw2378155673.jpg:[-0.009138522593601262, -0.00685389194520094, 0.0]
afw2378155674.jpg:[0.004569261296800621, 0.0, -0.004569261296800621]
afw2378155675.jpg:[0.0, 0.0, 0.0]
afw2378155676.jpg:[0.009138522593601262, -0.00685389194520094, 0.0]
afw2404040793.jpg:[0.004569261296800621, -0.00685389194520094, 0.0]
afw2417212918.jpg:[0.004569261296800621, 0.0, 0.0]
afw24172129181.jpg:[0.004569261296800621, 0.0, 0.0]
afw24172129182.jpg:[0.0, 0.0, 0.0]
afw24172129183.jpg:[0.0, 0.0, 0.0]
afw24172129184.jpg:[-0.009138522593601262, 0.0, 0.0]
afw2437602091.jpg:[0.004569261296800621, 0.0, 0.004569261296800621]
afw2451065225.jpg:[-0.004569261296800621, -0.00685389194520094, 0.004569261296800621]
afw250277765.jpg:[0.0, 0.0, 0.0]
afw2502777651.jpg:[0.0, 0.0, 0.0]
afw2542662563.jpg:[0.018277045187202558, 0.0, 0.0]
afw2580479214.jpg:[0.004569261296800621, 0.0, 0.004569261296800621]
afw25804792141.jpg:[0.022846306484003195, 0.0, 0.0]
afw261068.jpg:[0.0, 0.0, -0.004569261296800621]
afw2610681.jpg:[-0.009138522593601262, 0.0, 0.0]
afw2653111362.jpg:[0.009138522593601262, 0.0, 0.0]
afw270814102.jpg:[-0.01370778389040188, 0.0, 0.0]
afw2708141021.jpg:[0.009138522593601262, 0.0, 0.0]
afw2715171150.jpg:[0.009138522593601262, 0.0, 0.004569261296800621]
afw281972218.jpg:[-0.004569261296800621, 0.0, 0.0]
afw2819722181.jpg:[-0.01370778389040188, 0.0, 0.0]
afw2844520516.jpg:[0.0, 0.0, 0.004569261296800621]
afw2863107962.jpg:[0.01370778389040188, -0.00685389194520094, 0.0]
afw28631079621.jpg:[0.004569261296800621, 0.0, -0.004569261296800621]
afw28631079622.jpg:[0.009138522593601262, 0.0, -0.004569261296800621]
afw2911658494.jpg:[0.0, 0.0, 0.0]
afw29116584941.jpg:[-0.004569261296800621, 0.0, 0.0]
afw2939015820.jpg:[0.0, 0.0, 0.0]
afw3062021448.jpg:[0.004569261296800621, 0.00685389194520094, 0.0]
afw30620214481.jpg:[0.009138522593601262, 0.0, 0.0]
afw3089202157.jpg:[-0.009138522593601262, -0.00685389194520094, 0.004569261296800621]
afw30892021571.jpg:[0.009138522593601262, 0.0, 0.0]
afw30892021572.jpg:[-0.018277045187202558, -0.00685389194520094, 0.004569261296800621]
afw310076750.jpg:[0.0, 0.0, 0.0]
afw3187108438.jpg:[0.009138522593601262, 0.0, -0.004569261296800621]
afw3210734866.jpg:[0.0, 0.0, 0.0]
afw3284354538.jpg:[0.004569261296800621, 0.0, 0.0]
afw32843545381.jpg:[0.0, 0.0, 0.0]
afw32843545382.jpg:[0.0, 0.0, 0.0]
afw3331716292.jpg:[-0.004569261296800621, 0.0, 0.004569261296800621]
afw342149506.jpg:[0.027415567780803833, 0.0, 0.0]
afw3421495061.jpg:[0.009138522593601262, 0.0, 0.0]
afw3464901851.jpg:[0.0, 0.0, 0.0]
afw346731834.jpg:[0.009138522593601262, 0.0, 0.0]
afw347629355.jpg:[0.0, 0.0, 0.004569261296800621]
afw3476293551.jpg:[-0.009138522593601262, -0.00685389194520094, -0.004569261296800621]
afw347826333.jpg:[0.0, 0.0, -0.004569261296800621]
afw3478263331.jpg:[-0.009138522593601262, 0.0, 0.004569261296800621]
afw3576294411.jpg:[0.004569261296800621, 0.0, 0.0]
afw35762944111.jpg:[0.004569261296800621, 0.0, 0.0]
afw364259537.jpg:[0.009138522593601262, 0.0, 0.0]
afw3642595371.jpg:[-0.018277045187202558, 0.0, 0.0]
afw3662810723.jpg:[0.027415567780803833, 0.0, 0.0]
afw36628107231.jpg:[-0.004569261296800621, -0.00685389194520094, -0.004569261296800621]
afw36628107232.jpg:[-0.027415567780803833, 0.0, 0.0]
afw36628107233.jpg:[0.022846306484003195, -0.00685389194520094, -0.004569261296800621]
afw3684472818.jpg:[0.009138522593601262, 0.0, 0.0]
afw36844728181.jpg:[0.004569261296800621, 0.0, 0.0]
afw368987306.jpg:[-0.018277045187202558, 0.0, 0.0]
afw37096733.jpg:[-0.004569261296800621, 0.0, 0.0]
afw370967331.jpg:[-0.004569261296800621, 0.0, 0.0]
afw3729198156.jpg:[0.027415567780803833, 0.0, 0.0]
afw37291981561.jpg:[0.004569261296800621, 0.0, -0.004569261296800621]
afw37291981562.jpg:[0.004569261296800621, -0.00685389194520094, 0.0]
afw37291981563.jpg:[0.009138522593601262, 0.0, 0.0]
afw37291981564.jpg:[0.0, 0.0, -0.004569261296800621]
afw37291981565.jpg:[-0.027415567780803833, 0.0, 0.0]
afw37291981566.jpg:[-0.01370778389040188, 0.0, 0.0]
afw37291981567.jpg:[-0.009138522593601262, -0.00685389194520094, 0.0]
afw3796238727.jpg:[0.004569261296800621, 0.0, -0.004569261296800621]
afw37962387271.jpg:[0.0, 0.0, -0.004569261296800621]
afw37962387272.jpg:[-0.004569261296800621, 0.0, 0.0]
afw3854178896.jpg:[-0.009138522593601262, 0.0, 0.004569261296800621]
afw3858593140.jpg:[-0.004569261296800621, -0.00685389194520094, 0.0]
afw38585931401.jpg:[-0.004569261296800621, 0.0, 0.0]
afw3873491482.jpg:[-0.004569261296800621, 0.0, 0.0]
afw3893740955.jpg:[0.0, 0.0, 0.0]
afw38937409551.jpg:[0.0, 0.0, 0.0]
afw3929640120.jpg:[0.009138522593601262, 0.0, -0.004569261296800621]
afw3944399031.jpg:[0.022846306484003195, 0.0, 0.0]
afw39443990311.jpg:[0.0, 0.0, 0.0]
afw3989161.jpg:[0.0, 0.0, 0.004569261296800621]
afw399829006.jpg:[0.0, 0.0, 0.0]
afw40014967.jpg:[-0.01370778389040188, 0.0, 0.0]
afw4017305068.jpg:[-0.009138522593601262, 0.00685389194520094, 0.0]
afw4022732812.jpg:[-0.004569261296800621, 0.0, 0.0]
afw40227328121.jpg:[0.0, 0.0, 0.0]
afw40227328122.jpg:[-0.004569261296800621, -0.01370778389040188, 0.004569261296800621]
afw40227328123.jpg:[-0.027415567780803833, 0.0, 0.0]
afw406798473.jpg:[0.0, 0.0, 0.0]
afw4067984731.jpg:[0.0, 0.0, 0.0]
afw4067984732.jpg:[0.0, 0.0, 0.0]
afw4082680322.jpg:[0.009138522593601262, 0.0, 0.0]
afw4141887018.jpg:[0.004569261296800621, 0.0, 0.0]
afw4174638819.jpg:[0.0, 0.0, 0.0]
afw4237203680.jpg:[0.004569261296800621, 0.00685389194520094, 0.0]
afw42372036801.jpg:[-0.004569261296800621, 0.00685389194520094, 0.004569261296800621]
afw4250120238.jpg:[0.004569261296800621, 0.0, 0.004569261296800621]
afw4253907822.jpg:[0.004569261296800621, 0.0, 0.0]
afw4285163979.jpg:[0.0, 0.0, -0.004569261296800621]
afw42851639791.jpg:[0.0, 0.0, 0.0]
afw42851639792.jpg:[0.0, 0.0, -0.004569261296800621]
afw42851639793.jpg:[0.0, 0.0, 0.0]
afw42851639794.jpg:[0.01370778389040188, 0.0, 0.0]
afw42851639795.jpg:[0.0, 0.0, 0.0]
afw42851639796.jpg:[-0.004569261296800621, 0.0, 0.004569261296800621]
afw42851639797.jpg:[-0.004569261296800621, 0.0, 0.004569261296800621]
afw42851639798.jpg:[-0.004569261296800621, 0.0, 0.004569261296800621]
afw42851639799.jpg:[-0.004569261296800621, 0.0, 0.004569261296800621]
afw432269399.jpg:[0.018277045187202558, 0.0, 0.004569261296800621]
afw4332978153.jpg:[0.0, 0.0, 0.0]
afw4337161543.jpg:[0.0, 0.0, 0.0]
afw4351876664.jpg:[-0.009138522593601262, 0.0, 0.004569261296800621]
afw435926861.jpg:[0.01370778389040188, -0.00685389194520094, -0.004569261296800621]
afw4359268611.jpg:[-0.027415567780803833, 0.0, 0.0]
afw437595409.jpg:[0.0, 0.0, 0.0]
afw442651885.jpg:[-0.009138522593601262, 0.00685389194520094, 0.004569261296800621]
afw4470478982.jpg:[-0.01370778389040188, 0.0, 0.0]
afw4471110141.jpg:[0.0, -0.00685389194520094, 0.0]
afw44711101411.jpg:[0.0, 0.0, 0.0]
afw447910249.jpg:[0.0, 0.0, -0.004569261296800621]
afw448291547.jpg:[0.027415567780803833, 0.0, 0.0]
afw4482915471.jpg:[0.0, 0.0, -0.004569261296800621]
afw4482915472.jpg:[0.0, 0.0, -0.004569261296800621]
afw4492032921.jpg:[0.0, 0.0, 0.0]
afw45092961.jpg:[0.004569261296800621, 0.0, 0.0]
afw450929611.jpg:[-0.004569261296800621, 0.0, 0.0]
afw4512714865.jpg:[0.004569261296800621, 0.0, 0.0]
afw4520272436.jpg:[0.004569261296800621, 0.0, 0.0]
afw4553922208.jpg:[0.01370778389040188, 0.0, 0.0]
afw45539222081.jpg:[-0.004569261296800621, 0.0, 0.0]
afw45539222082.jpg:[-0.022846306484003195, 0.0, 0.004569261296800621]
afw4555082379.jpg:[0.004569261296800621, -0.00685389194520094, 0.004569261296800621]
afw4560029166.jpg:[0.004569261296800621, 0.00685389194520094, 0.004569261296800621]
afw4584451140.jpg:[-0.004569261296800621, 0.00685389194520094, 0.004569261296800621]
afw45844511401.jpg:[0.0, 0.00685389194520094, -0.004569261296800621]
afw4683040401.jpg:[0.0, 0.0, 0.0]
afw46830404011.jpg:[0.0, 0.0, 0.0]
afw4739664721.jpg:[0.004569261296800621, 0.0, 0.0]
afw4758145781.jpg:[-0.004569261296800621, 0.0, 0.0]
afw47581457811.jpg:[-0.004569261296800621, -0.00685389194520094, 0.0]
afw47581457812.jpg:[-0.009138522593601262, 0.0, 0.0]
afw47618649.jpg:[0.018277045187202558, -0.00685389194520094, -0.004569261296800621]
afw476186491.jpg:[0.009138522593601262, 0.0, -0.004569261296800621]
afw4774338842.jpg:[-0.004569261296800621, 0.0, 0.0]
afw47743388421.jpg:[-0.004569261296800621, 0.0, 0.0]
afw4801259916.jpg:[0.0, 0.0, 0.0]
afw4821642.jpg:[0.0, -0.00685389194520094, 0.0]
afw4856974482.jpg:[0.009138522593601262, -0.00685389194520094, 0.0]
afw48569744821.jpg:[-0.004569261296800621, -0.00685389194520094, 0.0]
afw48569744822.jpg:[0.022846306484003195, -0.00685389194520094, 0.0]
afw48569744823.jpg:[0.01370778389040188, 0.0, 0.0]
afw48569744824.jpg:[0.022846306484003195, 0.0, -0.004569261296800621]
afw48569744825.jpg:[0.0, 0.0, 0.0]
afw48569744826.jpg:[0.009138522593601262, 0.0, 0.0]
afw48569744827.jpg:[0.0, 0.0, -0.004569261296800621]
afw48569744828.jpg:[0.027415567780803833, 0.0, 0.0]
afw48569744829.jpg:[0.004569261296800621, 0.0, -0.004569261296800621]
afw485697448210.jpg:[0.027415567780803833, -0.00685389194520094, 0.0]
afw485697448211.jpg:[0.01370778389040188, -0.00685389194520094, 0.0]
afw485697448212.jpg:[0.009138522593601262, -0.00685389194520094, 0.0]
afw485697448213.jpg:[-0.004569261296800621, 0.0, -0.004569261296800621]
afw4880083461.jpg:[-0.009138522593601262, -0.00685389194520094, 0.0]
afw4970182488.jpg:[0.004569261296800621, 0.0, 0.0]
afw5002723411.jpg:[0.004569261296800621, 0.0, -0.004569261296800621]
afw50027234111.jpg:[0.0, 0.0, 0.0]
afw50027234112.jpg:[-0.004569261296800621, 0.0, 0.0]
afw5007442.jpg:[0.0, 0.0, 0.0]
afw50074421.jpg:[-0.009138522593601262, 0.0, 0.0]
afw5020454673.jpg:[0.009138522593601262, 0.00685389194520094, 0.0]
afw5065140719.jpg:[-0.009138522593601262, 0.0, 0.0]
afw50651407191.jpg:[0.01370778389040188, 0.0, 0.0]
afw50651407192.jpg:[0.009138522593601262, 0.0, 0.0]
afw5083671561.jpg:[0.0, 0.0, 0.0]
afw50836715611.jpg:[0.0, 0.0, 0.0]
afw50836715612.jpg:[0.0, 0.0, 0.0]
afw50836715613.jpg:[-0.009138522593601262, -0.00685389194520094, 0.004569261296800621]
afw50836715614.jpg:[-0.009138522593601262, 0.0, 0.004569261296800621]
afw50836715615.jpg:[-0.009138522593601262, 0.0, 0.0]
afw5144909700.jpg:[0.009138522593601262, 0.0, 0.0]
afw51449097001.jpg:[-0.009138522593601262, 0.0, -0.004569261296800621]
afw51449097002.jpg:[-0.009138522593601262, 0.0, 0.0]
afw5146483815.jpg:[0.027415567780803833, 0.0, 0.0]
afw5151536225.jpg:[0.0, 0.0, 0.0]
afw51515362251.jpg:[-0.009138522593601262, 0.0, 0.0]
afw51515362252.jpg:[0.027415567780803833, 0.0, 0.0]
afw5188566452.jpg:[-0.004569261296800621, 0.0, -0.004569261296800621]
afw5201079592.jpg:[0.0, 0.0, 0.0]
afw5204730083.jpg:[0.009138522593601262, 0.0, 0.0]
afw52047300831.jpg:[0.004569261296800621, 0.0, 0.0]
afw52047300832.jpg:[0.009138522593601262, 0.0, 0.0]
afw52047300833.jpg:[-0.01370778389040188, 0.0, 0.0]
afw52047300834.jpg:[0.004569261296800621, 0.0, 0.0]
afw52047300835.jpg:[0.0, 0.0, 0.0]
afw52047300836.jpg:[-0.009138522593601262, 0.0, 0.0]
afw5227275045.jpg:[-0.018277045187202558, 0.0, 0.0]
afw52272750451.jpg:[0.027415567780803833, 0.0, 0.0]
afw52272750452.jpg:[0.0, 0.0, 0.0]
afw52381600.jpg:[0.022846306484003195, 0.0, 0.0]
afw5301057994.jpg:[0.009138522593601262, 0.0, 0.0]
afw539722510.jpg:[0.0, 0.00685389194520094, 0.0]
afw5452623.jpg:[0.004569261296800621, 0.0, 0.004569261296800621]
afw56054945.jpg:[0.0, 0.0, -0.004569261296800621]
afw59354095.jpg:[0.0, 0.0, 0.0]
afw593540951.jpg:[-0.004569261296800621, 0.0, 0.0]
afw593540952.jpg:[-0.009138522593601262, 0.0, 0.004569261296800621]
afw642820626.jpg:[0.004569261296800621, 0.0, 0.0]
afw658607626.jpg:[0.004569261296800621, -0.00685389194520094, 0.004569261296800621]
afw79378097.jpg:[0.004569261296800621, 0.0, -0.004569261296800621]
afw793780971.jpg:[-0.009138522593601262, -0.00685389194520094, -0.004569261296800621]
afw793780972.jpg:[-0.009138522593601262, 0.0, 0.0]
afw793780973.jpg:[0.0, 0.0, 0.0]
afw793780974.jpg:[0.0, 0.0, 0.0]
afw793780975.jpg:[0.004569261296800621, 0.0, 0.0]
afw815038.jpg:[0.004569261296800621, -0.00685389194520094, -0.004569261296800621]
afw8150381.jpg:[0.004569261296800621, 0.0, 0.0]
afw82161078.jpg:[0.009138522593601262, 0.0, -0.004569261296800621]
afw823016568.jpg:[0.004569261296800621, 0.0, 0.0]
afw8230165681.jpg:[-0.004569261296800621, 0.0, 0.0]
afw8230165682.jpg:[-0.01370778389040188, -0.00685389194520094, 0.0]
afw878985234.jpg:[-0.009138522593601262, 0.0, 0.0]
afw88094323.jpg:[0.009138522593601262, 0.0, 0.0]
afw899545263.jpg:[0.004569261296800621, 0.0, 0.004569261296800621]
afw90800092.jpg:[0.018277045187202558, -0.00685389194520094, 0.0]
afw908000921.jpg:[0.0, 0.0, 0.0]
afw908000922.jpg:[-0.018277045187202558, 0.0, 0.0]
afw908000923.jpg:[0.0, 0.0, 0.0]
afw91328372.jpg:[0.0, -0.00685389194520094, 0.0]
afw9545523490.jpg:[0.009138522593601262, 0.0, 0.0]
afw95455234901.jpg:[0.0, 0.0, 0.0]
afw955659370.jpg:[-0.004569261296800621, -0.00685389194520094, 0.004569261296800621]
afw9556593701.jpg:[0.0, 0.0, 0.0]
afw1051618982.jpg:[0.0, 0.0, 0.0]
afw10516189821.jpg:[0.027415567780803833, 0.0, -0.004569261296800621]
afw1130084326.jpg:[0.009138522593601262, 0.0, 0.0]
afw11300843261.jpg:[0.0, 0.0, -0.004569261296800621]
afw11300843262.jpg:[-0.01370778389040188, 0.0, 0.0]
afw120563545.jpg:[-0.01370778389040188, 0.0, 0.0]
afw134212.jpg:[0.004569261296800621, -0.00685389194520094, -0.004569261296800621]
afw1342121.jpg:[-0.009138522593601262, 0.0, 0.0]
afw1602308.jpg:[0.0, 0.0, 0.0]
afw16413031.jpg:[0.009138522593601262, 0.0, 0.0]
afw2037185414.jpg:[0.018277045187202558, 0.0, -0.004569261296800621]
afw20371854141.jpg:[-0.03198482907760447, 0.0, 0.0]
afw2060241469.jpg:[-0.01370778389040188, 0.0, 0.0]
afw2080551997.jpg:[0.027415567780803833, 0.0, 0.0]
afw20805519971.jpg:[-0.01370778389040188, 0.0, 0.004569261296800621]
afw2086996835.jpg:[0.0, 0.0, -0.004569261296800621]
afw20869968351.jpg:[0.0, 0.0, 0.0]
afw20869968352.jpg:[0.0, 0.0, 0.0]
afw20869968353.jpg:[0.0, 0.0, 0.0]
afw20869968354.jpg:[-0.004569261296800621, 0.0, 0.004569261296800621]
afw20869968355.jpg:[-0.004569261296800621, 0.0, 0.0]
afw2099639490.jpg:[-0.004569261296800621, -0.00685389194520094, 0.004569261296800621]
afw20996394901.jpg:[-0.004569261296800621, -0.00685389194520094, 0.0]
afw2122067003.jpg:[0.004569261296800621, 0.0, 0.0]
afw2201628776.jpg:[-0.009138522593601262, 0.0, 0.0]
afw2239259.jpg:[0.0, 0.0, 0.0]
afw2296215131.jpg:[0.027415567780803833, 0.0, 0.0]
afw22962151311.jpg:[0.027415567780803833, 0.0, 0.0]
afw22962151312.jpg:[0.018277045187202558, 0.0, 0.0]
afw22962151313.jpg:[0.022846306484003195, 0.0, 0.0]
afw2316734819.jpg:[0.0, 0.0, 0.0]
afw2329110240.jpg:[0.022846306484003195, 0.0, 0.0]
afw23291102401.jpg:[-0.01370778389040188, 0.0, 0.0]
afw23291102402.jpg:[-0.01370778389040188, 0.0, 0.0]
afw2339510439.jpg:[0.027415567780803833, 0.0, 0.0]
afw23395104391.jpg:[0.0, 0.0, 0.0]
afw23395104392.jpg:[-0.009138522593601262, 0.0, 0.004569261296800621]
afw2392075438.jpg:[0.01370778389040188, 0.0, 0.0]
afw23920754381.jpg:[0.004569261296800621, -0.00685389194520094, 0.0]
afw23920754382.jpg:[0.0, 0.0, 0.0]
afw23920754383.jpg:[-0.022846306484003195, 0.0, 0.0]
afw23920754384.jpg:[-0.027415567780803833, 0.0, 0.0]
afw2406586388.jpg:[-0.009138522593601262, 0.0, 0.0]
afw24065863881.jpg:[0.0, 0.0, 0.0]
afw24065863882.jpg:[0.0, 0.0, 0.0]
afw24795717.jpg:[0.004569261296800621, 0.0, -0.004569261296800621]
afw247957171.jpg:[0.0, 0.0, 0.0]
afw247957172.jpg:[-0.004569261296800621, 0.0, 0.0]
afw2519293956.jpg:[0.004569261296800621, 0.0, -0.004569261296800621]
afw25192939561.jpg:[-0.004569261296800621, 0.0, 0.0]
afw253915276.jpg:[0.009138522593601262, 0.0, 0.0]
afw255360810.jpg:[-0.009138522593601262, 0.0, 0.0]
afw2751381965.jpg:[0.004569261296800621, 0.0, 0.0]
afw27513819651.jpg:[0.0, 0.0, 0.0]
afw2803423910.jpg:[0.0, 0.0, 0.0]
afw28034239101.jpg:[0.0, 0.0, 0.004569261296800621]
afw2805422179.jpg:[0.004569261296800621, 0.0, 0.0]
afw28054221791.jpg:[0.0, 0.0, 0.0]
afw28054221792.jpg:[0.0, 0.0, 0.0]
afw28054221793.jpg:[0.004569261296800621, 0.0, 0.0]
afw28054221794.jpg:[0.004569261296800621, 0.00685389194520094, 0.004569261296800621]
afw28054221795.jpg:[0.009138522593601262, -0.00685389194520094, 0.004569261296800621]
afw3020248483.jpg:[0.009138522593601262, 0.0, 0.0]
afw30202484831.jpg:[0.018277045187202558, 0.0, 0.004569261296800621]
afw3116931144.jpg:[0.01370778389040188, 0.0, 0.0]
afw31169311441.jpg:[-0.022846306484003195, 0.0, 0.0]
afw3346359383.jpg:[0.004569261296800621, 0.0, 0.0]
afw33463593831.jpg:[0.0, 0.0, 0.0]
afw33463593832.jpg:[0.0, 0.0, 0.0]
afw3363054468.jpg:[0.01370778389040188, 0.0, 0.0]
afw3504938758.jpg:[0.01370778389040188, 0.0, 0.0]
afw35049387581.jpg:[-0.01370778389040188, 0.0, 0.0]
afw35049387582.jpg:[-0.009138522593601262, 0.0, 0.004569261296800621]
afw3532475790.jpg:[0.004569261296800621, 0.0, 0.0]
afw35324757901.jpg:[-0.01370778389040188, 0.0, -0.004569261296800621]
afw3722549017.jpg:[0.022846306484003195, 0.0, 0.0]
afw37225490171.jpg:[-0.022846306484003195, 0.0, 0.0]
afw378492784.jpg:[0.004569261296800621, 0.0, -0.004569261296800621]
afw3784927841.jpg:[0.009138522593601262, 0.0, 0.0]
afw397921011.jpg:[-0.009138522593601262, 0.0, 0.004569261296800621]
afw3979210111.jpg:[-0.009138522593601262, 0.0, 0.0]
afw4009440741.jpg:[0.0, 0.0, 0.0]
afw40094407411.jpg:[-0.004569261296800621, 0.0, 0.0]
afw410225851.jpg:[0.0, 0.0, 0.0]
afw4102258511.jpg:[-0.022846306484003195, 0.0, 0.0]
afw411555970.jpg:[0.022846306484003195, 0.0, 0.0]
afw4115559701.jpg:[-0.022846306484003195, 0.0, 0.0]
afw4145388945.jpg:[0.0, 0.0, 0.0]
afw41453889451.jpg:[-0.004569261296800621, 0.0, 0.0]
afw41453889452.jpg:[0.004569261296800621, 0.0, 0.0]
afw4239974048.jpg:[0.009138522593601262, -0.00685389194520094, 0.0]
afw42399740481.jpg:[0.009138522593601262, 0.0, 0.0]
afw42399740482.jpg:[0.0, 0.0, -0.004569261296800621]
afw42399740483.jpg:[-0.009138522593601262, 0.0, 0.0]
afw4400753623.jpg:[0.027415567780803833, 0.0, 0.0]
afw44007536231.jpg:[0.022846306484003195, 0.0, 0.0]
afw44007536232.jpg:[0.018277045187202558, -0.00685389194520094, -0.004569261296800621]
afw44007536233.jpg:[-0.004569261296800621, 0.0, 0.0]
afw44007536234.jpg:[-0.01370778389040188, 0.0, 0.0]
afw442743156.jpg:[-0.01370778389040188, 0.0, 0.0]
afw4427431561.jpg:[-0.018277045187202558, 0.0, 0.0]
afw4427431562.jpg:[-0.027415567780803833, 0.0, 0.0]
afw4427431563.jpg:[-0.018277045187202558, 0.0, 0.0]
afw4538917191.jpg:[0.009138522593601262, -0.00685389194520094, 0.004569261296800621]
afw45389171911.jpg:[0.0, 0.0, 0.004569261296800621]
afw45389171912.jpg:[0.009138522593601262, 0.0, 0.0]
afw45389171913.jpg:[0.004569261296800621, 0.0, 0.0]
afw45389171914.jpg:[0.004569261296800621, -0.00685389194520094, 0.0]
afw45389171915.jpg:[0.0, -0.00685389194520094, 0.0]
afw45389171916.jpg:[0.004569261296800621, 0.0, 0.0]
afw45389171917.jpg:[0.004569261296800621, 0.0, 0.004569261296800621]
afw45389171918.jpg:[0.009138522593601262, 0.0, 0.0]
afw45389171919.jpg:[-0.022846306484003195, 0.0, 0.0]
afw453891719110.jpg:[0.004569261296800621, 0.0, 0.0]
afw453891719111.jpg:[0.004569261296800621, 0.0, 0.0]
afw453891719112.jpg:[-0.004569261296800621, -0.00685389194520094, 0.004569261296800621]
afw453891719113.jpg:[0.0, 0.0, 0.0]
afw453891719114.jpg:[-0.009138522593601262, 0.0, 0.0]
afw453891719115.jpg:[0.0, 0.0, 0.0]
afw453891719116.jpg:[0.0, 0.0, 0.0]
afw453891719117.jpg:[-0.004569261296800621, 0.0, 0.0]
afw453891719118.jpg:[0.0, 0.0, 0.0]
afw453891719119.jpg:[0.0, -0.00685389194520094, 0.0]
afw453891719120.jpg:[0.01370778389040188, -0.00685389194520094, 0.0]
afw453891719121.jpg:[0.0, 0.0, 0.0]
afw453891719122.jpg:[-0.009138522593601262, 0.0, 0.004569261296800621]
afw453891719123.jpg:[0.0, -0.00685389194520094, 0.004569261296800621]
afw453891719124.jpg:[-0.03198482907760447, 0.0, 0.0]
afw453891719125.jpg:[-0.01370778389040188, -0.00685389194520094, 0.004569261296800621]
afw453891719126.jpg:[-0.027415567780803833, -0.00685389194520094, 0.0]
afw453891719127.jpg:[-0.009138522593601262, 0.0, 0.0]
afw4573422380.jpg:[0.009138522593601262, 0.0, 0.0]
afw45734223801.jpg:[0.009138522593601262, 0.0, 0.004569261296800621]
afw4906266640.jpg:[0.009138522593601262, 0.0, 0.0]
afw49062666401.jpg:[0.0, 0.0, 0.0]
afw507521047.jpg:[0.027415567780803833, 0.0, 0.0]
afw5075210471.jpg:[-0.01370778389040188, 0.0, 0.0]
afw5082623456.jpg:[0.009138522593601262, 0.0, 0.0]
afw50826234561.jpg:[0.0, -0.00685389194520094, 0.0]
afw50826234562.jpg:[-0.009138522593601262, 0.0, 0.0]
afw5106695994.jpg:[0.0, 0.0, 0.0]
afw51066959941.jpg:[0.009138522593601262, 0.0, 0.0]
afw51066959942.jpg:[0.004569261296800621, 0.0, -0.004569261296800621]
afw51066959943.jpg:[0.0, 0.0, 0.0]
afw51066959944.jpg:[-0.009138522593601262, 0.0, 0.004569261296800621]
afw51066959945.jpg:[-0.009138522593601262, 0.0, 0.0]
afw5169701116.jpg:[0.018277045187202558, 0.0, 0.0]
afw51697011161.jpg:[-0.027415567780803833, 0.0, 0.0]
afw70037463.jpg:[0.0, 0.0, 0.0]
afw700374631.jpg:[-0.004569261296800621, 0.0, 0.0]
afw719902933.jpg:[0.01370778389040188, 0.0, 0.0]
afw7199029331.jpg:[0.018277045187202558, 0.0, 0.0]
afw7199029332.jpg:[0.009138522593601262, 0.0, 0.0]
